,Unnamed: 0,Unnamed: 0.1,Unnamed: 0.1.1,Unnamed: 0.1.1.1,Unnamed: 0.1.1.1.1,Unnamed: 0.1.1.1.1.1,Unnamed: 0.1.1.1.1.1.1,Unnamed: 0.1.1.1.1.1.1.1,Unnamed: 0.1.1.1.1.1.1.1.1,Unnamed: 0.1.1.1.1.1.1.1.1.1,Unnamed: 0.1.1.1.1.1.1.1.1.1.1,Unnamed: 0.1.1.1.1.1.1.1.1.1.1.1,Unnamed: 0.1.1.1.1.1.1.1.1.1.1.1.1,Unnamed: 0.1.1.1.1.1.1.1.1.1.1.1.1.1,Unnamed: 0.1.1.1.1.1.1.1.1.1.1.1.1.1.1,Unnamed: 0.1.1.1.1.1.1.1.1.1.1.1.1.1.1.1,Date,Symbol,Series,Prev Close,Open,High,Low,Last,Close,VWAP,Volume,Turnover,Trades,Deliverable Volume,%Deliverble
0,0,0,0,0,0,0,0,0,0,0,0,0,0,0,0,5599,2019-01-01,ZUARIGLOB,EQ,114.15,113.55,123.0,113.5,122.0,121.4,120.42,126885,1528009345000.0,1972.0,43516.0,0.343
1,1,1,1,1,1,1,1,1,1,1,1,1,1,1,1,5600,2019-01-02,ZUARIGLOB,EQ,121.4,120.1,125.25,120.1,120.8,120.95,122.4,71122,870561430000.0001,1088.0,42660.0,0.5998
2,2,2,2,2,2,2,2,2,2,2,2,2,2,2,2,5601,2019-01-03,ZUARIGLOB,EQ,120.95,122.45,123.1,117.0,120.0,120.4,120.65,39358,474854935000.0,630.0,18130.0,0.4606
3,3,3,3,3,3,3,3,3,3,3,3,3,3,3,3,5602,2019-01-04,ZUARIGLOB,EQ,120.4,122.1,122.25,118.4,119.2,119.55,120.25,17721,213092330000.0,262.0,12039.0,0.6794
4,4,4,4,4,4,4,4,4,4,4,4,4,4,4,4,5603,2019-01-07,ZUARIGLOB,EQ,119.55,121.25,126.4,120.25,126.4,125.35,124.78,92171,1150079680000.0,1115.0,46596.0,0.5055
5,5,5,5,5,5,5,5,5,5,5,5,5,5,5,5,5604,2019-01-08,ZUARIGLOB,EQ,125.35,125.6,136.75,125.15,128.5,128.05,131.4,217615,2859419360000.0,3797.0,81914.0,0.3764
6,6,6,6,6,6,6,6,6,6,6,6,6,6,6,6,5605,2019-01-09,ZUARIGLOB,EQ,128.05,129.25,130.9,124.25,127.4,126.8,128.64,55874,718747310000.0,748.0,34759.0,0.6221
7,7,7,7,7,7,7,7,7,7,7,7,7,7,7,7,5606,2019-01-10,ZUARIGLOB,EQ,126.8,126.85,130.4,126.6,127.9,127.45,128.8,83799,1079302095000.0,868.0,35641.0,0.4253
8,8,8,8,8,8,8,8,8,8,8,8,8,8,8,8,5607,2019-01-11,ZUARIGLOB,EQ,127.45,127.5,128.95,125.05,125.85,125.8,126.0,20629,259933665000.0,364.0,11646.0,0.5645
9,9,9,9,9,9,9,9,9,9,9,9,9,9,9,9,5608,2019-01-14,ZUARIGLOB,EQ,125.8,125.3,125.3,121.6,121.85,122.4,123.0,24430,300493865000.0,328.0,15126.0,0.6192000000000001
10,10,10,10,10,10,10,10,10,10,10,10,10,10,10,10,5609,2019-01-15,ZUARIGLOB,EQ,122.4,123.0,126.45,123.0,125.0,124.65,125.01,19366,242097280000.0,291.0,10700.0,0.5525
11,11,11,11,11,11,11,11,11,11,11,11,11,11,11,11,5610,2019-01-16,ZUARIGLOB,EQ,124.65,125.6,125.6,122.65,122.65,122.95,123.2,9274,114258395000.0,157.0,6754.0,0.7283
12,12,12,12,12,12,12,12,12,12,12,12,12,12,12,12,5611,2019-01-17,ZUARIGLOB,EQ,122.95,123.55,125.4,120.25,121.95,121.85,122.68,8101,99384030000.0,212.0,4459.0,0.5504
13,13,13,13,13,13,13,13,13,13,13,13,13,13,13,13,5612,2019-01-18,ZUARIGLOB,EQ,121.85,120.7,121.15,118.7,119.45,119.2,119.55,18382,219751125000.0,282.0,10486.0,0.5704
14,14,14,14,14,14,14,14,14,14,14,14,14,14,14,14,5613,2019-01-21,ZUARIGLOB,EQ,119.2,118.3,121.3,116.5,118.0,117.9,118.75,12431,147614815000.0,278.0,5937.0,0.4776
15,15,15,15,15,15,15,15,15,15,15,15,15,15,15,15,5614,2019-01-22,ZUARIGLOB,EQ,117.9,118.65,118.7,114.15,114.5,114.65,115.35,9611,110861560000.00003,207.0,6252.0,0.6505
16,16,16,16,16,16,16,16,16,16,16,16,16,16,16,16,5615,2019-01-23,ZUARIGLOB,EQ,114.65,116.95,117.4,115.0,115.55,115.8,116.1,6342,73633565000.0,138.0,4504.0,0.7101999999999999
17,17,17,17,17,17,17,17,17,17,17,17,17,17,17,17,5616,2019-01-24,ZUARIGLOB,EQ,115.8,115.85,117.55,115.5,115.5,115.85,116.18,6139,71320815000.0,135.0,3422.0,0.5574
18,18,18,18,18,18,18,18,18,18,18,18,18,18,18,18,5617,2019-01-25,ZUARIGLOB,EQ,115.85,116.25,116.85,113.5,113.5,113.85,114.58,7431,85144370000.0,179.0,4621.0,0.6219
19,19,19,19,19,19,19,19,19,19,19,19,19,19,19,19,5618,2019-01-28,ZUARIGLOB,EQ,113.85,114.4,114.45,108.5,111.1,110.95,110.86,12610,139794215000.0,298.0,7365.0,0.5841
20,20,20,20,20,20,20,20,20,20,20,20,20,20,20,20,5619,2019-01-29,ZUARIGLOB,EQ,110.95,109.1,111.7,107.6,109.05,110.2,109.48,24225,265225095000.0001,322.0,14353.0,0.5925
21,21,21,21,21,21,21,21,21,21,21,21,21,21,21,21,5620,2019-01-30,ZUARIGLOB,EQ,110.2,111.8,112.2,107.7,109.2,109.95,109.7,9734,106781795000.0,232.0,5630.0,0.5784
22,22,22,22,22,22,22,22,22,22,22,22,22,22,22,22,5621,2019-01-31,ZUARIGLOB,EQ,109.95,110.8,112.35,109.9,111.0,110.75,111.0,10941,121444685000.00005,210.0,6232.0,0.5696
23,23,23,23,23,23,23,23,23,23,23,23,23,23,23,23,5622,2019-02-01,ZUARIGLOB,EQ,110.75,110.15,115.05,110.1,110.5,110.75,112.78,17630,198836595000.0,376.0,10179.0,0.5774
24,24,24,24,24,24,24,24,24,24,24,24,24,24,24,24,5623,2019-02-04,ZUARIGLOB,EQ,110.75,113.8,113.8,108.0,109.8,109.65,109.45,11285,123515975000.0,246.0,6548.0,0.5802
25,25,25,25,25,25,25,25,25,25,25,25,25,25,25,25,5624,2019-02-05,ZUARIGLOB,EQ,109.65,108.85,111.1,107.05,107.9,107.5,108.81,9968,108465789999.99997,266.0,6092.0,0.6112
26,26,26,26,26,26,26,26,26,26,26,26,26,26,26,26,5625,2019-02-06,ZUARIGLOB,EQ,107.5,107.5,109.05,105.0,106.0,106.0,106.46,20076,213736530000.0,376.0,14924.0,0.7434000000000001
27,27,27,27,27,27,27,27,27,27,27,27,27,27,27,27,5626,2019-02-07,ZUARIGLOB,EQ,106.0,107.5,107.95,105.0,105.1,105.35,106.21,11194,118888105000.0,296.0,8220.0,0.7343000000000001
28,28,28,28,28,28,28,28,28,28,28,28,28,28,28,28,5627,2019-02-08,ZUARIGLOB,EQ,105.35,104.45,106.7,102.0,105.0,104.4,105.04,20567,216045795000.00006,356.0,9605.0,0.467
29,29,29,29,29,29,29,29,29,29,29,29,29,29,29,29,5628,2019-02-11,ZUARIGLOB,EQ,104.4,104.05,106.0,102.15,102.15,102.85,104.17,17268,179881215000.0,318.0,12801.0,0.7413
30,30,30,30,30,30,30,30,30,30,30,30,30,30,30,30,5629,2019-02-12,ZUARIGLOB,EQ,102.85,102.15,107.0,100.95,104.45,104.05,103.38,19579,202408945000.0,383.0,13236.0,0.6759999999999999
31,31,31,31,31,31,31,31,31,31,31,31,31,31,31,31,5630,2019-02-13,ZUARIGLOB,EQ,104.05,103.8,104.95,101.2,101.75,101.65,102.84,13072,134438539999.99995,233.0,10495.0,0.8029000000000001
32,32,32,32,32,32,32,32,32,32,32,32,32,32,32,32,5631,2019-02-14,ZUARIGLOB,EQ,101.65,101.05,101.45,99.2,100.95,100.65,100.69,33301,335294245000.0,491.0,19445.0,0.5839
33,33,33,33,33,33,33,33,33,33,33,33,33,33,33,33,5632,2019-02-15,ZUARIGLOB,EQ,100.65,99.3,100.9,97.2,97.25,97.95,98.99,35562,352041245000.0,372.0,29408.0,0.8270000000000001
34,34,34,34,34,34,34,34,34,34,34,34,34,34,34,34,5633,2019-02-18,ZUARIGLOB,EQ,97.95,98.05,98.8,95.5,96.1,96.75,96.67,22855,220934280000.0,302.0,18731.0,0.8196
35,35,35,35,35,35,35,35,35,35,35,35,35,35,35,35,5634,2019-02-19,ZUARIGLOB,EQ,96.75,98.15,99.9,96.25,97.0,96.7,97.33,29125,283476345000.0,400.0,19099.0,0.6558
36,36,36,36,36,36,36,36,36,36,36,36,36,36,36,36,5635,2019-02-20,ZUARIGLOB,EQ,96.7,97.95,99.0,96.25,97.8,97.65,97.38,23997,233679970000.0001,312.0,18113.0,0.7548
37,37,37,37,37,37,37,37,37,37,37,37,37,37,37,37,5636,2019-02-21,ZUARIGLOB,EQ,97.65,98.5,101.4,97.95,100.05,99.85,99.07,35242,349142105000.0,297.0,20022.0,0.5681
38,38,38,38,38,38,38,38,38,38,38,38,38,38,38,38,5637,2019-02-22,ZUARIGLOB,EQ,99.85,100.45,102.5,100.4,101.8,101.3,101.6,16302,165635755000.0,258.0,11293.0,0.6927
39,39,39,39,39,39,39,39,39,39,39,39,39,39,39,39,5638,2019-02-25,ZUARIGLOB,EQ,101.3,102.0,103.4,101.1,103.4,102.6,102.05,13322,135952150000.0,292.0,6504.0,0.4882
40,40,40,40,40,40,40,40,40,40,40,40,40,40,40,40,5639,2019-02-26,ZUARIGLOB,EQ,102.6,101.15,101.85,98.0,100.45,100.2,99.76,23537,234803725000.0,387.0,11049.0,0.4694
41,41,41,41,41,41,41,41,41,41,41,41,41,41,41,41,5640,2019-02-27,ZUARIGLOB,EQ,100.2,100.55,103.85,99.05,102.15,101.0,101.93,21163,215710335000.0,352.0,8794.0,0.4155
42,42,42,42,42,42,42,42,42,42,42,42,42,42,42,42,5641,2019-02-28,ZUARIGLOB,EQ,101.0,101.45,103.05,101.0,101.4,101.5,102.0,11443,116713980000.0,176.0,7266.0,0.635
43,43,43,43,43,43,43,43,43,43,43,43,43,43,43,43,5642,2019-03-01,ZUARIGLOB,EQ,101.5,102.0,104.1,101.75,104.0,103.75,103.33,18792,194173560000.0,296.0,9321.0,0.4960000000000001
44,44,44,44,44,44,44,44,44,44,44,44,44,44,44,44,5643,2019-03-05,ZUARIGLOB,EQ,103.75,104.75,115.7,104.0,110.0,109.9,111.15,262723,2920050820000.0,3305.0,76849.0,0.2925
45,45,45,45,45,45,45,45,45,45,45,45,45,45,45,45,5644,2019-03-06,ZUARIGLOB,EQ,109.9,110.45,116.0,110.45,113.8,113.9,113.37,138414,1569144525000.0,888.0,103643.0,0.7488
46,46,46,46,46,46,46,46,46,46,46,46,46,46,46,46,5645,2019-03-07,ZUARIGLOB,EQ,113.9,113.55,117.4,112.5,113.4,113.2,114.44,54094,619070015000.0,1129.0,17321.0,0.32020000000000004
47,47,47,47,47,47,47,47,47,47,47,47,47,47,47,47,5646,2019-03-08,ZUARIGLOB,EQ,113.2,112.4,113.35,111.4,111.9,111.6,112.3,15255,171310205000.0,361.0,7612.0,0.499
48,48,48,48,48,48,48,48,48,48,48,48,48,48,48,48,5647,2019-03-11,ZUARIGLOB,EQ,111.6,111.3,115.4,111.25,112.9,112.65,113.25,37655,426439210000.0,484.0,18827.0,0.5
49,49,49,49,49,49,49,49,49,49,49,49,49,49,49,49,5648,2019-03-12,ZUARIGLOB,EQ,112.65,114.3,116.0,113.5,114.0,113.95,114.67,41527,476189915000.0001,506.0,25867.0,0.6229
50,50,50,50,50,50,50,50,50,50,50,50,50,50,50,50,5649,2019-03-13,ZUARIGLOB,EQ,113.95,114.4,115.45,112.8,114.55,114.15,114.13,20769,237045725000.0,347.0,9190.0,0.4425
51,51,51,51,51,51,51,51,51,51,51,51,51,51,51,51,5650,2019-03-14,ZUARIGLOB,EQ,114.15,114.45,115.0,111.65,111.65,112.5,113.31,18072,204782495000.0,236.0,12007.0,0.6644
52,52,52,52,52,52,52,52,52,52,52,52,52,52,52,52,5651,2019-03-15,ZUARIGLOB,EQ,112.5,112.4,113.45,111.6,111.8,112.1,112.77,28443,320759010000.0,299.0,23100.0,0.8122
53,53,53,53,53,53,53,53,53,53,53,53,53,53,53,53,5652,2019-03-18,ZUARIGLOB,EQ,112.1,114.95,115.85,109.5,110.8,110.35,112.59,38603,434640355000.0,594.0,19604.0,0.5078
54,54,54,54,54,54,54,54,54,54,54,54,54,54,54,54,5653,2019-03-19,ZUARIGLOB,EQ,110.35,110.35,112.25,110.1,110.3,110.35,111.05,36672,407226540000.0,526.0,20696.0,0.5644
55,55,55,55,55,55,55,55,55,55,55,55,55,55,55,55,5654,2019-03-20,ZUARIGLOB,EQ,110.35,111.1,112.0,109.65,109.8,110.15,110.71,27152,300602495000.0,509.0,12236.0,0.4506000000000001
56,56,56,56,56,56,56,56,56,56,56,56,56,56,56,56,5655,2019-03-22,ZUARIGLOB,EQ,110.15,110.75,111.15,108.85,109.0,109.45,109.94,17243,189575445000.0,314.0,7911.0,0.4588
57,57,57,57,57,57,57,57,57,57,57,57,57,57,57,57,5656,2019-03-25,ZUARIGLOB,EQ,109.45,108.05,108.15,104.5,104.5,105.1,106.24,17507,185996445000.0,321.0,13324.0,0.7611
58,58,58,58,58,58,58,58,58,58,58,58,58,58,58,58,5657,2019-03-26,ZUARIGLOB,EQ,105.1,105.2,106.45,104.5,106.35,105.5,105.54,43094,454826985000.0,379.0,27859.0,0.6465000000000001
59,59,59,59,59,59,59,59,59,59,59,59,59,59,59,59,5658,2019-03-27,ZUARIGLOB,EQ,105.5,106.0,106.9,103.5,104.0,104.65,105.32,40902,430776060000.0,573.0,26427.0,0.6461
60,60,60,60,60,60,60,60,60,60,60,60,60,60,60,60,5659,2019-03-28,ZUARIGLOB,EQ,104.65,105.6,109.4,105.4,108.5,108.4,107.65,48157,518405805000.0,818.0,16787.0,0.3486
61,61,61,61,61,61,61,61,61,61,61,61,61,61,61,61,5660,2019-03-29,ZUARIGLOB,EQ,108.4,108.5,110.5,107.9,108.2,108.2,108.7,28772,312752110000.0,459.0,14184.0,0.493
62,62,62,62,62,62,62,62,62,62,62,62,62,62,62,62,5661,2019-04-01,ZUARIGLOB,EQ,108.2,109.5,112.85,108.05,108.65,109.05,109.83,48549,533236300000.0,594.0,28912.0,0.5955
63,63,63,63,63,63,63,63,63,63,63,63,63,63,63,63,5662,2019-04-02,ZUARIGLOB,EQ,109.05,109.25,109.8,106.4,106.9,106.75,107.62,23182,249481195000.0001,416.0,15228.0,0.6569
64,64,64,64,64,64,64,64,64,64,64,64,64,64,64,64,5663,2019-04-03,ZUARIGLOB,EQ,106.75,107.45,123.4,107.05,118.5,119.45,119.14,606205,7222031030000.0,9729.0,126220.0,0.2082
65,65,65,65,65,65,65,65,65,65,65,65,65,65,65,65,5664,2019-04-04,ZUARIGLOB,EQ,119.45,117.25,118.85,111.6,113.1,112.55,114.5,102642,1175250490000.0,1716.0,51151.0,0.4983
66,66,66,66,66,66,66,66,66,66,66,66,66,66,66,66,5665,2019-04-05,ZUARIGLOB,EQ,112.55,112.0,115.35,111.05,111.8,112.05,112.62,86402,973075270000.0,1193.0,37594.0,0.4351
67,67,67,67,67,67,67,67,67,67,67,67,67,67,67,67,5666,2019-04-08,ZUARIGLOB,EQ,112.05,112.9,113.5,109.5,111.5,111.55,111.73,34838,389237975000.0,457.0,22448.0,0.6444
68,68,68,68,68,68,68,68,68,68,68,68,68,68,68,68,5667,2019-04-09,ZUARIGLOB,EQ,111.55,111.4,112.85,108.8,109.4,109.5,110.51,49083,542417265000.0001,729.0,22528.0,0.45899999999999996
69,69,69,69,69,69,69,69,69,69,69,69,69,69,69,69,5668,2019-04-10,ZUARIGLOB,EQ,109.5,109.6,110.85,106.9,107.0,107.7,108.77,60515,658217550000.0,763.0,36957.0,0.6107
70,70,70,70,70,70,70,70,70,70,70,70,70,70,70,70,5669,2019-04-11,ZUARIGLOB,EQ,107.7,108.7,111.2,107.9,108.0,108.3,109.12,38117,415951165000.0,503.0,20865.0,0.5474
71,71,71,71,71,71,71,71,71,71,71,71,71,71,71,71,5670,2019-04-12,ZUARIGLOB,EQ,108.3,108.5,109.3,107.5,108.05,107.95,108.22,20990,227155060000.0,318.0,13004.0,0.6195
72,72,72,72,72,72,72,72,72,72,72,72,72,72,72,72,5671,2019-04-15,ZUARIGLOB,EQ,107.95,109.6,111.4,109.6,110.75,110.55,110.59,56058,619918410000.0,953.0,16273.0,0.2903
73,73,73,73,73,73,73,73,73,73,73,73,73,73,73,73,5672,2019-04-16,ZUARIGLOB,EQ,110.55,110.15,111.8,109.5,110.95,110.4,110.56,16782,185536415000.0,303.0,10153.0,0.605
74,74,74,74,74,74,74,74,74,74,74,74,74,74,74,74,5673,2019-04-18,ZUARIGLOB,EQ,110.4,110.75,111.3,108.5,109.05,109.45,109.51,17996,197066475000.0,330.0,9274.0,0.5153
75,75,75,75,75,75,75,75,75,75,75,75,75,75,75,75,5674,2019-04-22,ZUARIGLOB,EQ,109.45,109.55,109.95,107.8,108.5,108.05,108.4,17275,187266470000.0,265.0,10456.0,0.6053000000000001
76,76,76,76,76,76,76,76,76,76,76,76,76,76,76,76,5675,2019-04-23,ZUARIGLOB,EQ,108.05,107.5,109.0,106.5,106.5,106.7,107.47,15289,164313385000.0,207.0,11940.0,0.7809999999999999
77,77,77,77,77,77,77,77,77,77,77,77,77,77,77,77,5676,2019-04-24,ZUARIGLOB,EQ,106.7,107.45,108.4,107.05,107.65,107.65,107.7,15915,171401100000.0,196.0,11588.0,0.7281000000000001
78,78,78,78,78,78,78,78,78,78,78,78,78,78,78,78,5677,2019-04-25,ZUARIGLOB,EQ,107.65,107.8,108.95,106.65,107.5,107.15,107.74,12686,136676045000.0,284.0,6495.0,0.512
79,79,79,79,79,79,79,79,79,79,79,79,79,79,79,79,5678,2019-04-26,ZUARIGLOB,EQ,107.15,107.75,107.75,105.5,106.0,106.0,106.49,14202,151233145000.0,329.0,6564.0,0.4622
80,80,80,80,80,80,80,80,80,80,80,80,80,80,80,80,5679,2019-04-30,ZUARIGLOB,EQ,106.0,106.05,106.05,104.0,104.1,104.3,104.74,16696,174865765000.0,179.0,12028.0,0.7204
81,81,81,81,81,81,81,81,81,81,81,81,81,81,81,81,5680,2019-05-02,ZUARIGLOB,EQ,104.3,103.5,105.0,103.25,103.5,103.5,104.14,16302,169777100000.0,211.0,10642.0,0.6528
82,82,82,82,82,82,82,82,82,82,82,82,82,82,82,82,5681,2019-05-03,ZUARIGLOB,EQ,103.5,103.55,104.2,102.6,102.6,102.75,103.3,11479,118574489999.99995,270.0,6954.0,0.6058
83,83,83,83,83,83,83,83,83,83,83,83,83,83,83,83,5682,2019-05-06,ZUARIGLOB,EQ,102.75,101.5,102.3,100.85,101.45,101.1,101.25,16637,168447035000.0,198.0,14384.0,0.8645999999999999
84,84,84,84,84,84,84,84,84,84,84,84,84,84,84,84,5683,2019-05-07,ZUARIGLOB,EQ,101.1,101.95,103.65,100.9,101.4,101.35,102.24,20909,213774085000.0,399.0,10413.0,0.498
85,85,85,85,85,85,85,85,85,85,85,85,85,85,85,85,5684,2019-05-08,ZUARIGLOB,EQ,101.35,101.55,101.55,97.55,98.05,98.6,99.55,23384,232798510000.0,317.0,18279.0,0.7817000000000001
86,86,86,86,86,86,86,86,86,86,86,86,86,86,86,86,5685,2019-05-09,ZUARIGLOB,EQ,98.6,98.0,98.35,96.0,97.0,96.8,97.04,24157,234417770000.0001,396.0,17085.0,0.7072
87,87,87,87,87,87,87,87,87,87,87,87,87,87,87,87,5686,2019-05-10,ZUARIGLOB,EQ,96.8,96.55,97.8,95.6,95.9,95.9,96.3,29577,284830160000.0,233.0,26051.0,0.8808
88,88,88,88,88,88,88,88,88,88,88,88,88,88,88,88,5687,2019-05-13,ZUARIGLOB,EQ,95.9,95.55,96.15,91.2,91.8,92.9,93.63,19526,182822570000.0,210.0,17042.0,0.8728
89,89,89,89,89,89,89,89,89,89,89,89,89,89,89,89,5688,2019-05-14,ZUARIGLOB,EQ,92.9,92.95,93.2,90.3,91.0,91.4,91.54,29670,271602590000.0,519.0,15539.0,0.5236999999999999
90,90,90,90,90,90,90,90,90,90,90,90,90,90,90,90,5689,2019-05-15,ZUARIGLOB,EQ,91.4,92.0,92.95,89.55,89.55,90.0,91.2,40800,372085120000.0,449.0,22948.0,0.5625
91,91,91,91,91,91,91,91,91,91,91,91,91,91,91,91,5690,2019-05-16,ZUARIGLOB,EQ,90.0,88.5,95.65,85.25,93.0,92.45,89.97,182575,1642553460000.0,1970.0,54647.0,0.2993
92,92,92,92,92,92,92,92,92,92,92,92,92,92,92,92,5691,2019-05-17,ZUARIGLOB,EQ,92.45,91.95,93.9,90.55,92.8,92.7,92.35,49339,455650205000.0,584.0,20691.0,0.4194
93,93,93,93,93,93,93,93,93,93,93,93,93,93,93,93,5692,2019-05-20,ZUARIGLOB,EQ,92.7,94.1,98.75,93.45,95.5,95.15,95.9,35162,337219295000.0,529.0,19398.0,0.5517000000000001
94,94,94,94,94,94,94,94,94,94,94,94,94,94,94,94,5693,2019-05-21,ZUARIGLOB,EQ,95.15,94.9,97.4,94.5,94.5,94.65,96.0,10415,99983590000.0,224.0,6255.0,0.6006
95,95,95,95,95,95,95,95,95,95,95,95,95,95,95,95,5694,2019-05-22,ZUARIGLOB,EQ,94.65,95.95,96.05,94.5,95.2,95.65,95.38,6295,60041730000.000015,103.0,4003.0,0.6359
96,96,96,96,96,96,96,96,96,96,96,96,96,96,96,96,5695,2019-05-23,ZUARIGLOB,EQ,95.65,96.0,97.05,91.6,94.0,93.7,94.02,34673,325985995000.0,585.0,19766.0,0.5700999999999999
97,97,97,97,97,97,97,97,97,97,97,97,97,97,97,97,5696,2019-05-24,ZUARIGLOB,EQ,93.7,92.85,99.5,92.85,98.9,98.15,97.63,40224,392703315000.0,502.0,20438.0,0.5081
98,98,98,98,98,98,98,98,98,98,98,98,98,98,98,98,5697,2019-05-27,ZUARIGLOB,EQ,98.15,97.5,103.1,94.75,98.45,98.5,99.79,89552,893595400000.0,1116.0,40587.0,0.4532
99,99,99,99,99,99,99,99,99,99,99,99,99,99,99,99,5698,2019-05-28,ZUARIGLOB,EQ,98.5,99.55,104.15,98.1,101.55,102.15,101.53,52687,534955515000.0001,825.0,16421.0,0.31170000000000003
100,100,100,100,100,100,100,100,100,100,100,100,100,100,100,100,5699,2019-05-29,ZUARIGLOB,EQ,102.15,100.6,107.9,100.6,103.0,103.55,105.17,105319,1107643285000.0,1499.0,34835.0,0.3308
101,101,101,101,101,101,101,101,101,101,101,101,101,101,101,101,5700,2019-05-30,ZUARIGLOB,EQ,103.55,103.0,105.95,103.0,103.9,104.45,104.74,17695,185342800000.0,233.0,11582.0,0.6545000000000001
102,102,102,102,102,102,102,102,102,102,102,102,102,102,102,102,5701,2019-05-31,ZUARIGLOB,EQ,104.45,103.0,104.7,100.25,101.1,101.0,102.32,31303,320282345000.0,276.0,18120.0,0.5789
103,103,103,103,103,103,103,103,103,103,103,103,103,103,103,103,5702,2019-06-03,ZUARIGLOB,EQ,101.0,100.55,100.65,98.8,99.0,99.4,99.81,14351,143241970000.0,186.0,9647.0,0.6722
104,104,104,104,104,104,104,104,104,104,104,104,104,104,104,104,5703,2019-06-04,ZUARIGLOB,EQ,99.4,100.0,101.55,99.05,100.7,100.0,100.43,17521,175963835000.0,225.0,10248.0,0.5849000000000001
105,105,105,105,105,105,105,105,105,105,105,105,105,105,105,105,5704,2019-06-06,ZUARIGLOB,EQ,100.0,100.9,100.9,97.35,97.6,97.5,98.74,11403,112593264999.99995,189.0,7745.0,0.6792
106,106,106,106,106,106,106,106,106,106,106,106,106,106,106,106,5705,2019-06-07,ZUARIGLOB,EQ,97.5,102.0,102.0,98.0,99.0,99.3,99.62,31289,311708210000.0,406.0,7716.0,0.2466
107,107,107,107,107,107,107,107,107,107,107,107,107,107,107,107,5706,2019-06-10,ZUARIGLOB,EQ,99.3,100.05,100.8,96.2,96.9,96.35,97.96,9459,92656385000.0,227.0,5583.0,0.5902000000000001
108,108,108,108,108,108,108,108,108,108,108,108,108,108,108,108,5707,2019-06-11,ZUARIGLOB,EQ,96.35,97.95,98.6,95.55,98.6,97.85,97.3,17791,173105530000.0,374.0,8244.0,0.4634
109,109,109,109,109,109,109,109,109,109,109,109,109,109,109,109,5708,2019-06-12,ZUARIGLOB,EQ,97.85,97.05,97.75,96.5,96.55,96.9,96.99,2529,24528925000.0,67.0,1296.0,0.5125
110,110,110,110,110,110,110,110,110,110,110,110,110,110,110,110,5709,2019-06-13,ZUARIGLOB,EQ,96.9,96.8,97.35,94.0,94.95,94.75,95.66,17525,167650600000.0,404.0,6430.0,0.3669
111,111,111,111,111,111,111,111,111,111,111,111,111,111,111,111,5710,2019-06-14,ZUARIGLOB,EQ,94.75,94.8,95.55,91.9,92.05,92.3,93.71,17112,160352205000.0,412.0,7407.0,0.4329
112,112,112,112,112,112,112,112,112,112,112,112,112,112,112,112,5711,2019-06-17,ZUARIGLOB,EQ,92.3,92.0,93.75,88.05,88.35,88.8,89.85,19560,175752435000.0,430.0,11771.0,0.5473
113,113,113,113,113,113,113,113,113,113,113,113,113,113,113,113,5712,2019-06-18,ZUARIGLOB,EQ,88.8,88.15,90.0,87.65,89.6,88.9,88.95,15766,140231845000.0,197.0,6962.0,0.419
114,114,114,114,114,114,114,114,114,114,114,114,114,114,114,114,5713,2019-06-19,ZUARIGLOB,EQ,88.9,88.6,90.5,84.2,85.95,85.15,87.05,16301,141901225000.0,399.0,9861.0,0.6049
115,115,115,115,115,115,115,115,115,115,115,115,115,115,115,115,5714,2019-06-20,ZUARIGLOB,EQ,85.15,86.85,89.9,85.25,89.8,88.6,87.51,19225,168237560000.0,361.0,8721.0,0.4536
116,116,116,116,116,116,116,116,116,116,116,116,116,116,116,116,5715,2019-06-21,ZUARIGLOB,EQ,88.6,87.2,88.75,86.1,87.45,86.85,87.12,10186,88738275000.0,151.0,6273.0,0.6158
117,117,117,117,117,117,117,117,117,117,117,117,117,117,117,117,5716,2019-06-24,ZUARIGLOB,EQ,86.85,87.0,88.7,86.5,86.95,86.7,87.26,7874,68709390000.0,99.0,4915.0,0.6242
118,118,118,118,118,118,118,118,118,118,118,118,118,118,118,118,5717,2019-06-25,ZUARIGLOB,EQ,86.7,86.95,87.65,86.0,87.5,87.55,87.29,8586,74948080000.0,84.0,4573.0,0.5326
119,119,119,119,119,119,119,119,119,119,119,119,119,119,119,119,5718,2019-06-26,ZUARIGLOB,EQ,87.55,88.2,89.0,87.5,88.1,88.35,88.08,10805,95171690000.0,183.0,6156.0,0.5697
120,120,120,120,120,120,120,120,120,120,120,120,120,120,120,120,5719,2019-06-27,ZUARIGLOB,EQ,88.35,88.35,93.0,87.0,89.9,89.95,89.91,13905,125017395000.0,345.0,7415.0,0.5333
121,121,121,121,121,121,121,121,121,121,121,121,121,121,121,121,5720,2019-06-28,ZUARIGLOB,EQ,89.95,90.05,91.5,90.0,90.0,90.75,90.7,9639,87427075000.0,241.0,4765.0,0.4943
122,122,122,122,122,122,122,122,122,122,122,122,122,122,122,122,5721,2019-07-01,ZUARIGLOB,EQ,90.75,94.5,94.5,89.1,91.3,90.45,90.69,11960,108462005000.0,209.0,6930.0,0.5794
123,123,123,123,123,123,123,123,123,123,123,123,123,123,123,123,5722,2019-07-02,ZUARIGLOB,EQ,90.45,91.0,91.0,89.2,89.6,90.2,90.39,7780,70321270000.0,148.0,4195.0,0.5392
124,124,124,124,124,124,124,124,124,124,124,124,124,124,124,124,5723,2019-07-03,ZUARIGLOB,EQ,90.2,90.5,92.4,89.05,89.1,89.25,90.43,14733,133227410000.00005,319.0,6699.0,0.4547
125,125,125,125,125,125,125,125,125,125,125,125,125,125,125,125,5724,2019-07-04,ZUARIGLOB,EQ,89.25,89.95,90.35,89.05,90.0,90.0,89.81,11126,99920260000.0,180.0,7611.0,0.6840999999999999
126,126,126,126,126,126,126,126,126,126,126,126,126,126,126,126,5725,2019-07-05,ZUARIGLOB,EQ,90.0,90.0,90.85,88.05,88.5,88.55,89.17,8101,72236335000.0,233.0,4726.0,0.5834
127,127,127,127,127,127,127,127,127,127,127,127,127,127,127,127,5726,2019-07-08,ZUARIGLOB,EQ,88.55,88.55,89.5,87.0,87.0,87.1,87.73,13070,114662095000.0,239.0,9425.0,0.7211
128,128,128,128,128,128,128,128,128,128,128,128,128,128,128,128,5727,2019-07-09,ZUARIGLOB,EQ,87.1,87.05,88.4,86.05,87.0,86.65,87.49,8732,76398075000.0,247.0,2891.0,0.3311
129,129,129,129,129,129,129,129,129,129,129,129,129,129,129,129,5728,2019-07-10,ZUARIGLOB,EQ,86.65,87.85,88.25,85.0,86.95,85.4,86.53,13331,115349770000.0,196.0,10780.0,0.8086
130,130,130,130,130,130,130,130,130,130,130,130,130,130,130,130,5729,2019-07-11,ZUARIGLOB,EQ,85.4,86.15,87.55,84.3,84.75,84.85,85.53,17213,147220190000.0,251.0,14205.0,0.8251999999999999
131,131,131,131,131,131,131,131,131,131,131,131,131,131,131,131,5730,2019-07-12,ZUARIGLOB,EQ,84.85,87.0,87.0,84.0,84.55,84.6,84.49,11229,94870750000.0,203.0,6998.0,0.6232
132,132,132,132,132,132,132,132,132,132,132,132,132,132,132,132,5731,2019-07-15,ZUARIGLOB,EQ,84.6,86.0,86.0,84.0,84.05,84.05,84.44,6154,51966900000.0,218.0,2223.0,0.3612
133,133,133,133,133,133,133,133,133,133,133,133,133,133,133,133,5732,2019-07-16,ZUARIGLOB,EQ,84.05,84.6,84.6,83.0,83.0,83.3,83.43,10012,83529025000.0,175.0,6375.0,0.6367
134,134,134,134,134,134,134,134,134,134,134,134,134,134,134,134,5733,2019-07-17,ZUARIGLOB,EQ,83.3,82.5,83.85,72.1,76.1,76.4,77.07,77176,594818785000.0,1663.0,33662.0,0.4362
135,135,135,135,135,135,135,135,135,135,135,135,135,135,135,135,5734,2019-07-18,ZUARIGLOB,EQ,76.4,77.05,78.8,72.5,73.4,73.05,74.24,22575,167592590000.0,567.0,12023.0,0.5326
136,136,136,136,136,136,136,136,136,136,136,136,136,136,136,136,5735,2019-07-19,ZUARIGLOB,EQ,73.05,73.85,78.0,73.0,75.05,75.45,75.14,27792,208820490000.0,496.0,15888.0,0.5717
137,137,137,137,137,137,137,137,137,137,137,137,137,137,137,137,5736,2019-07-22,ZUARIGLOB,EQ,75.45,72.35,78.9,72.25,72.25,72.8,73.78,14619,107860630000.0,216.0,9821.0,0.6718000000000001
138,138,138,138,138,138,138,138,138,138,138,138,138,138,138,138,5737,2019-07-23,ZUARIGLOB,EQ,72.8,72.05,74.4,72.05,73.4,73.35,73.5,5245,38553295000.0,158.0,1924.0,0.3668
139,139,139,139,139,139,139,139,139,139,139,139,139,139,139,139,5738,2019-07-24,ZUARIGLOB,EQ,73.35,73.45,75.05,72.15,73.55,73.95,73.26,13058,95662485000.0,158.0,7013.0,0.5371
140,140,140,140,140,140,140,140,140,140,140,140,140,140,140,140,5739,2019-07-25,ZUARIGLOB,EQ,73.95,75.0,77.45,73.6,76.5,76.1,75.67,22959,173734825000.0,433.0,13956.0,0.6079
141,141,141,141,141,141,141,141,141,141,141,141,141,141,141,141,5740,2019-07-26,ZUARIGLOB,EQ,76.1,75.95,76.0,74.0,74.1,74.75,74.85,7415,55502944999.999985,205.0,3024.0,0.4078
142,142,142,142,142,142,142,142,142,142,142,142,142,142,142,142,5741,2019-07-29,ZUARIGLOB,EQ,74.75,74.5,74.7,72.2,73.95,73.6,73.36,12621,92588245000.0,172.0,9643.0,0.7640000000000001
143,143,143,143,143,143,143,143,143,143,143,143,143,143,143,143,5742,2019-07-30,ZUARIGLOB,EQ,73.6,73.2,74.45,71.25,72.55,72.7,72.71,27740,201692605000.0,348.0,16204.0,0.5841
144,144,144,144,144,144,144,144,144,144,144,144,144,144,144,144,5743,2019-07-31,ZUARIGLOB,EQ,72.7,72.0,74.8,72.0,72.35,72.95,73.24,30365,222404490000.0,357.0,18498.0,0.6092000000000001
145,145,145,145,145,145,145,145,145,145,145,145,145,145,145,145,5744,2019-08-01,ZUARIGLOB,EQ,72.95,74.45,74.45,70.0,71.4,71.45,71.71,8545,61279515000.0,286.0,6098.0,0.7136
146,146,146,146,146,146,146,146,146,146,146,146,146,146,146,146,5745,2019-08-02,ZUARIGLOB,EQ,71.45,71.25,74.9,71.2,74.4,73.75,73.28,15098,110644214999.99997,313.0,8907.0,0.5899
147,147,147,147,147,147,147,147,147,147,147,147,147,147,147,147,5746,2019-08-05,ZUARIGLOB,EQ,73.75,73.05,74.9,71.45,74.9,74.0,72.97,12964,94602160000.0,280.0,7274.0,0.5611
148,148,148,148,148,148,148,148,148,148,148,148,148,148,148,148,5747,2019-08-06,ZUARIGLOB,EQ,74.0,74.0,76.05,72.4,73.05,73.75,74.22,5266,39085900000.0,162.0,2658.0,0.5047
149,149,149,149,149,149,149,149,149,149,149,149,149,149,149,149,5748,2019-08-07,ZUARIGLOB,EQ,73.75,73.8,75.7,72.55,72.55,72.95,73.89,6790,50173845000.0,156.0,3781.0,0.5568
150,150,150,150,150,150,150,150,150,150,150,150,150,150,150,150,5749,2019-08-08,ZUARIGLOB,EQ,72.95,73.0,74.4,71.8,72.0,72.2,72.19,15936,115043920000.0,158.0,9857.0,0.6185
151,151,151,151,151,151,151,151,151,151,151,151,151,151,151,151,5750,2019-08-09,ZUARIGLOB,EQ,72.2,72.2,73.7,70.35,71.55,71.6,72.49,13785,99934035000.0,440.0,5241.0,0.3802
152,152,152,152,152,152,152,152,152,152,152,152,152,152,152,152,5751,2019-08-13,ZUARIGLOB,EQ,71.6,70.2,71.8,67.2,67.25,68.7,70.04,18419,129013064999.99995,366.0,11315.0,0.6143
153,153,153,153,153,153,153,153,153,153,153,153,153,153,153,153,5752,2019-08-14,ZUARIGLOB,EQ,68.7,71.25,71.25,66.25,66.3,67.15,68.02,28720,195364330000.0,340.0,15558.0,0.5417000000000001
154,154,154,154,154,154,154,154,154,154,154,154,154,154,154,154,5753,2019-08-16,ZUARIGLOB,EQ,67.15,67.9,67.9,63.1,63.7,64.2,65.05,18725,121815055000.0,380.0,11595.0,0.6192000000000001
155,155,155,155,155,155,155,155,155,155,155,155,155,155,155,155,5754,2019-08-19,ZUARIGLOB,EQ,64.2,64.7,65.35,64.0,64.8,64.35,64.87,12712,82464675000.0,210.0,10117.0,0.7959
156,156,156,156,156,156,156,156,156,156,156,156,156,156,156,156,5755,2019-08-20,ZUARIGLOB,EQ,64.35,63.15,65.75,62.1,63.1,62.85,63.67,31922,203236585000.0,560.0,19513.0,0.6113000000000001
157,157,157,157,157,157,157,157,157,157,157,157,157,157,157,157,5756,2019-08-21,ZUARIGLOB,EQ,62.85,63.25,63.7,58.5,58.7,58.95,60.17,21694,130536205000.0,570.0,13126.0,0.6051
158,158,158,158,158,158,158,158,158,158,158,158,158,158,158,158,5757,2019-08-22,ZUARIGLOB,EQ,58.95,58.0,59.3,54.65,58.45,57.85,57.07,23045,131518789999.99995,468.0,13373.0,0.5803
159,159,159,159,159,159,159,159,159,159,159,159,159,159,159,159,5758,2019-08-23,ZUARIGLOB,EQ,57.85,59.25,59.6,55.1,58.95,58.15,57.23,27672,158353280000.0,350.0,21913.0,0.7919
160,160,160,160,160,160,160,160,160,160,160,160,160,160,160,160,5759,2019-08-26,ZUARIGLOB,EQ,58.15,62.0,63.0,58.45,61.5,61.25,60.87,24541,149383550000.0,606.0,10525.0,0.4289
161,161,161,161,161,161,161,161,161,161,161,161,161,161,161,161,5760,2019-08-27,ZUARIGLOB,EQ,61.25,61.25,62.5,60.6,61.3,61.15,61.49,20871,128325630000.0,350.0,11323.0,0.5425
162,162,162,162,162,162,162,162,162,162,162,162,162,162,162,162,5761,2019-08-28,ZUARIGLOB,EQ,61.15,62.95,64.6,60.2,63.1,63.4,62.76,90027,565029535000.0,4676.0,61994.0,0.6886
163,163,163,163,163,163,163,163,163,163,163,163,163,163,163,163,5762,2019-08-29,ZUARIGLOB,EQ,63.4,62.05,63.9,60.2,60.2,60.75,61.33,20568,126147275000.0,207.0,12630.0,0.6141
164,164,164,164,164,164,164,164,164,164,164,164,164,164,164,164,5763,2019-08-30,ZUARIGLOB,EQ,60.75,62.6,63.65,60.9,63.2,63.15,61.99,57722,357840745000.0,3646.0,33341.0,0.5776
165,165,165,165,165,165,165,165,165,165,165,165,165,165,165,165,5764,2019-09-03,ZUARIGLOB,EQ,63.15,61.4,62.4,61.1,61.1,61.3,61.5,8259,50789375000.0,166.0,6353.0,0.7692
166,166,166,166,166,166,166,166,166,166,166,166,166,166,166,166,5765,2019-09-04,ZUARIGLOB,EQ,61.3,63.15,64.7,62.0,63.7,63.8,63.17,52908,334228515000.0,3139.0,31415.0,0.5938
167,167,167,167,167,167,167,167,167,167,167,167,167,167,167,167,5766,2019-09-05,ZUARIGLOB,EQ,63.8,62.05,65.2,62.05,63.05,63.2,63.65,32491,206789400000.0,318.0,21830.0,0.6718999999999999
168,168,168,168,168,168,168,168,168,168,168,168,168,168,168,168,5767,2019-09-06,ZUARIGLOB,EQ,63.2,64.75,65.65,64.15,65.6,65.4,65.1,43148,280876125000.0,2910.0,29123.0,0.675
169,169,169,169,169,169,169,169,169,169,169,169,169,169,169,169,5768,2019-09-09,ZUARIGLOB,EQ,65.4,65.5,69.4,65.2,66.4,66.85,66.82,49422,330242275000.0,587.0,26535.0,0.5369
170,170,170,170,170,170,170,170,170,170,170,170,170,170,170,170,5769,2019-09-11,ZUARIGLOB,EQ,66.85,66.35,69.1,66.35,68.0,68.3,68.19,32253,219939560000.0,897.0,18733.0,0.5808
171,171,171,171,171,171,171,171,171,171,171,171,171,171,171,171,5770,2019-09-12,ZUARIGLOB,EQ,68.3,69.25,69.9,66.5,67.2,66.95,68.58,31071,213087445000.00006,888.0,21162.0,0.6811
172,172,172,172,172,172,172,172,172,172,172,172,172,172,172,172,5771,2019-09-13,ZUARIGLOB,EQ,66.95,67.1,70.7,66.15,67.7,68.0,68.16,48107,327877010000.0,875.0,22300.0,0.4636
173,173,173,173,173,173,173,173,173,173,173,173,173,173,173,173,5772,2019-09-16,ZUARIGLOB,EQ,68.0,68.0,69.5,66.5,67.1,67.35,67.91,33952,230577025000.0,651.0,21536.0,0.6343
174,174,174,174,174,174,174,174,174,174,174,174,174,174,174,174,5773,2019-09-17,ZUARIGLOB,EQ,67.35,67.0,68.75,66.5,67.5,66.85,67.4,34456,232249445000.0001,303.0,27208.0,0.7896
175,175,175,175,175,175,175,175,175,175,175,175,175,175,175,175,5774,2019-09-18,ZUARIGLOB,EQ,66.85,67.25,67.6,64.25,65.0,65.35,66.14,12592,83281225000.0,332.0,5038.0,0.4001
176,176,176,176,176,176,176,176,176,176,176,176,176,176,176,176,5775,2019-09-19,ZUARIGLOB,EQ,65.35,67.0,67.5,62.7,66.0,65.6,65.87,41376,272523855000.0,2693.0,29556.0,0.7143
177,177,177,177,177,177,177,177,177,177,177,177,177,177,177,177,5776,2019-09-20,ZUARIGLOB,EQ,65.6,65.1,68.5,64.7,68.5,66.85,67.02,41350,277116945000.0,547.0,24885.0,0.6018
178,178,178,178,178,178,178,178,178,178,178,178,178,178,178,178,5777,2019-09-23,ZUARIGLOB,EQ,66.85,68.05,68.05,66.25,66.25,66.5,67.05,30463,204246490000.0,400.0,21615.0,0.7095
179,179,179,179,179,179,179,179,179,179,179,179,179,179,179,179,5778,2019-09-24,ZUARIGLOB,EQ,66.5,67.0,71.35,65.1,68.5,68.65,68.64,91881,630692315000.0,1235.0,36992.0,0.4026
180,180,180,180,180,180,180,180,180,180,180,180,180,180,180,180,5779,2019-09-25,ZUARIGLOB,EQ,68.65,69.0,69.5,65.0,65.4,66.05,67.22,35176,236452935000.0,549.0,20127.0,0.5722
181,181,181,181,181,181,181,181,181,181,181,181,181,181,181,181,5780,2019-09-26,ZUARIGLOB,EQ,66.05,66.05,67.65,64.0,64.25,64.25,65.63,25143,165008165000.0,342.0,18399.0,0.7318000000000001
182,182,182,182,182,182,182,182,182,182,182,182,182,182,182,182,5781,2019-09-27,ZUARIGLOB,EQ,64.25,66.4,67.8,64.0,65.5,65.2,65.8,68536,450940210000.0,3595.0,38657.0,0.564
183,183,183,183,183,183,183,183,183,183,183,183,183,183,183,183,5782,2019-09-30,ZUARIGLOB,EQ,65.2,66.0,66.0,60.5,60.5,61.2,62.33,23466,146271385000.0,528.0,16176.0,0.6893000000000001
184,184,184,184,184,184,184,184,184,184,184,184,184,184,184,184,5783,2019-10-01,ZUARIGLOB,EQ,61.2,63.0,64.3,61.6,63.7,63.1,63.0,52502,330767235000.0,3253.0,33995.0,0.6475
185,185,185,185,185,185,185,185,185,185,185,185,185,185,185,185,5784,2019-10-03,ZUARIGLOB,EQ,63.1,62.0,68.0,62.0,62.1,62.25,63.38,10558,66917810000.0,255.0,3920.0,0.3713
186,186,186,186,186,186,186,186,186,186,186,186,186,186,186,186,5785,2019-10-04,ZUARIGLOB,EQ,62.25,61.75,63.5,60.1,60.15,61.05,61.54,6946,42745765000.0,118.0,5218.0,0.7512000000000001
187,187,187,187,187,187,187,187,187,187,187,187,187,187,187,187,5786,2019-10-07,ZUARIGLOB,EQ,61.05,62.7,62.7,57.95,58.2,58.4,59.8,21174,126614505000.0,475.0,14631.0,0.691
188,188,188,188,188,188,188,188,188,188,188,188,188,188,188,188,5787,2019-10-09,ZUARIGLOB,EQ,58.4,60.0,60.0,57.0,58.0,58.0,58.19,6414,37325230000.0,126.0,4279.0,0.6670999999999999
189,189,189,189,189,189,189,189,189,189,189,189,189,189,189,189,5788,2019-10-10,ZUARIGLOB,EQ,58.0,58.0,59.5,56.05,57.9,58.35,57.96,25481,147685510000.0,256.0,13555.0,0.532
190,190,190,190,190,190,190,190,190,190,190,190,190,190,190,190,5789,2019-10-11,ZUARIGLOB,EQ,58.35,58.0,58.9,56.7,56.75,57.2,57.5,21429,123224464999.99995,279.0,11948.0,0.5576
191,191,191,191,191,191,191,191,191,191,191,191,191,191,191,191,5790,2019-10-14,ZUARIGLOB,EQ,57.2,57.25,58.9,57.25,58.9,58.75,58.29,5715,33310645000.0,147.0,3397.0,0.5944
192,192,192,192,192,192,192,192,192,192,192,192,192,192,192,192,5791,2019-10-15,ZUARIGLOB,EQ,58.75,58.9,58.9,56.65,56.65,57.4,57.88,15289,88494895000.0,248.0,7739.0,0.5062
193,193,193,193,193,193,193,193,193,193,193,193,193,193,193,193,5792,2019-10-16,ZUARIGLOB,EQ,57.4,57.5,60.05,57.0,58.85,58.0,58.5,18652,109120810000.00003,415.0,4999.0,0.268
194,194,194,194,194,194,194,194,194,194,194,194,194,194,194,194,5793,2019-10-17,ZUARIGLOB,EQ,58.0,58.0,59.45,57.5,58.2,59.0,58.51,7810,45694390000.0,161.0,4773.0,0.6111
195,195,195,195,195,195,195,195,195,195,195,195,195,195,195,195,5794,2019-10-18,ZUARIGLOB,EQ,59.0,58.15,62.3,58.0,61.2,61.05,60.55,32049,194066855000.0,717.0,15398.0,0.4805
196,196,196,196,196,196,196,196,196,196,196,196,196,196,196,196,5795,2019-10-22,ZUARIGLOB,EQ,61.05,62.5,62.9,59.05,59.95,59.65,60.72,15109,91747985000.0,259.0,4060.0,0.2687
197,197,197,197,197,197,197,197,197,197,197,197,197,197,197,197,5796,2019-10-23,ZUARIGLOB,EQ,59.65,61.0,62.0,60.3,61.0,60.6,60.79,5717,34755245000.0,139.0,3860.0,0.6752
198,198,198,198,198,198,198,198,198,198,198,198,198,198,198,198,5797,2019-10-24,ZUARIGLOB,EQ,60.6,62.6,62.6,60.1,60.3,60.65,60.75,8763,53238344999.999985,358.0,3854.0,0.4398
199,199,199,199,199,199,199,199,199,199,199,199,199,199,199,199,5798,2019-10-25,ZUARIGLOB,EQ,60.65,60.95,63.4,59.8,61.25,61.3,61.55,23818,146610940000.0,866.0,9226.0,0.3874
200,200,200,200,200,200,200,200,200,200,200,200,200,200,200,200,5799,2019-10-27,ZUARIGLOB,EQ,61.3,62.45,63.0,61.05,61.9,62.15,61.75,6919,42727270000.0,82.0,6146.0,0.8883
201,201,201,201,201,201,201,201,201,201,201,201,201,201,201,201,5800,2019-10-29,ZUARIGLOB,EQ,62.15,62.4,63.2,60.95,62.75,61.8,61.69,14629,90246275000.0,253.0,10151.0,0.6939000000000001
202,202,202,202,202,202,202,202,202,202,202,202,202,202,202,202,5801,2019-10-30,ZUARIGLOB,EQ,61.8,62.35,63.75,61.2,61.5,61.65,62.22,38717,240915815000.0,571.0,27185.0,0.7021
203,203,203,203,203,203,203,203,203,203,203,203,203,203,203,203,5802,2019-10-31,ZUARIGLOB,EQ,61.65,61.25,62.9,60.8,62.75,62.0,61.8,43041,266003235000.0,547.0,25549.0,0.5936
204,204,204,204,204,204,204,204,204,204,204,204,204,204,204,204,5803,2019-11-01,ZUARIGLOB,EQ,62.0,61.55,62.1,60.9,61.0,61.05,61.33,31256,191702560000.0,306.0,18243.0,0.5837
205,205,205,205,205,205,205,205,205,205,205,205,205,205,205,205,5804,2019-11-04,ZUARIGLOB,EQ,61.05,62.7,62.7,60.3,60.55,60.65,60.9,39866,242801035000.0,273.0,27429.0,0.688
206,206,206,206,206,206,206,206,206,206,206,206,206,206,206,206,5805,2019-11-05,ZUARIGLOB,EQ,60.65,61.65,61.65,60.2,60.25,60.55,60.68,12943,78534760000.0,151.0,10685.0,0.8255
207,207,207,207,207,207,207,207,207,207,207,207,207,207,207,207,5806,2019-11-06,ZUARIGLOB,EQ,60.55,61.95,61.95,59.0,59.0,60.1,60.67,14165,85935680000.0,276.0,5990.0,0.4229
208,208,208,208,208,208,208,208,208,208,208,208,208,208,208,208,5807,2019-11-07,ZUARIGLOB,EQ,60.1,60.5,60.8,58.25,59.4,59.45,59.91,21531,128985350000.0,294.0,7469.0,0.3469
209,209,209,209,209,209,209,209,209,209,209,209,209,209,209,209,5808,2019-11-08,ZUARIGLOB,EQ,59.45,59.95,62.5,58.5,61.9,61.15,60.69,40597,246374845000.0001,553.0,24781.0,0.6104
210,210,210,210,210,210,210,210,210,210,210,210,210,210,210,210,5809,2019-11-11,ZUARIGLOB,EQ,61.15,60.15,60.15,57.65,58.2,58.1,58.29,61407,357915540000.0,704.0,43993.0,0.7164
211,211,211,211,211,211,211,211,211,211,211,211,211,211,211,211,5810,2019-11-13,ZUARIGLOB,EQ,58.1,57.1,58.25,55.5,56.3,56.0,56.68,29033,164570285000.0,394.0,21322.0,0.7343999999999999
212,212,212,212,212,212,212,212,212,212,212,212,212,212,212,212,5811,2019-11-14,ZUARIGLOB,EQ,56.0,56.0,60.9,54.5,57.9,57.85,58.75,127186,747266875000.0,2187.0,45489.0,0.3577
213,213,213,213,213,213,213,213,213,213,213,213,213,213,213,213,5812,2019-11-15,ZUARIGLOB,EQ,57.85,57.45,57.5,54.1,54.95,54.5,55.29,55226,305370360000.0,528.0,43498.0,0.7876000000000001
214,214,214,214,214,214,214,214,214,214,214,214,214,214,214,214,5813,2019-11-18,ZUARIGLOB,EQ,54.5,54.0,56.9,54.0,54.5,54.65,55.57,49024,272440375000.0,1036.0,9332.0,0.1904
215,215,215,215,215,215,215,215,215,215,215,215,215,215,215,215,5814,2019-11-19,ZUARIGLOB,EQ,54.65,55.35,55.35,50.35,51.0,50.95,52.39,52073,272818190000.0,758.0,42521.0,0.8166
216,216,216,216,216,216,216,216,216,216,216,216,216,216,216,216,5815,2019-11-20,ZUARIGLOB,EQ,50.95,50.3,53.35,50.3,51.75,51.5,51.81,37073,192076065000.0,498.0,23151.0,0.6245
217,217,217,217,217,217,217,217,217,217,217,217,217,217,217,217,5816,2019-11-21,ZUARIGLOB,EQ,51.5,50.9,53.0,50.55,51.3,51.4,51.87,19189,99536780000.0,355.0,8872.0,0.4623
218,218,218,218,218,218,218,218,218,218,218,218,218,218,218,218,5817,2019-11-22,ZUARIGLOB,EQ,51.4,52.1,52.1,50.2,50.2,50.55,50.99,17368,88565530000.0,209.0,11460.0,0.6598
219,219,219,219,219,219,219,219,219,219,219,219,219,219,219,219,5818,2019-11-25,ZUARIGLOB,EQ,50.55,51.85,52.5,50.9,51.5,51.45,51.47,9778,50328290000.0,402.0,5896.0,0.603
220,220,220,220,220,220,220,220,220,220,220,220,220,220,220,220,5819,2019-11-26,ZUARIGLOB,EQ,51.45,54.0,54.0,52.1,53.0,52.75,53.02,29545,156641295000.0,469.0,17886.0,0.6054
221,221,221,221,221,221,221,221,221,221,221,221,221,221,221,221,5820,2019-11-27,ZUARIGLOB,EQ,52.75,53.8,53.8,51.2,52.0,51.8,52.1,8882,46272080000.0,200.0,7048.0,0.7935
222,222,222,222,222,222,222,222,222,222,222,222,222,222,222,222,5821,2019-11-28,ZUARIGLOB,EQ,51.8,51.8,51.8,49.5,49.75,49.95,50.15,31552,158247915000.0,406.0,25909.0,0.8212
223,223,223,223,223,223,223,223,223,223,223,223,223,223,223,223,5822,2019-11-29,ZUARIGLOB,EQ,49.95,50.4,51.9,50.4,51.25,51.0,51.2,20849,106743020000.0,214.0,15108.0,0.7245999999999999
224,224,224,224,224,224,224,224,224,224,224,224,224,224,224,224,5823,2019-12-02,ZUARIGLOB,EQ,51.0,51.5,54.0,51.2,52.0,51.9,52.31,20708,108314695000.0,223.0,14906.0,0.7198000000000001
225,225,225,225,225,225,225,225,225,225,225,225,225,225,225,225,5824,2019-12-03,ZUARIGLOB,EQ,51.9,51.4,51.75,49.6,49.75,50.1,50.77,23079,117171120000.0,219.0,17530.0,0.7595999999999999
226,226,226,226,226,226,226,226,226,226,226,226,226,226,226,226,5825,2019-12-04,ZUARIGLOB,EQ,50.1,51.8,51.8,50.05,50.05,50.2,50.34,4811,24220685000.0,97.0,3471.0,0.7215
227,227,227,227,227,227,227,227,227,227,227,227,227,227,227,227,5826,2019-12-05,ZUARIGLOB,EQ,50.2,51.25,51.25,48.0,48.3,48.8,49.67,18788,93321740000.0,495.0,9708.0,0.5167
228,228,228,228,228,228,228,228,228,228,228,228,228,228,228,228,5827,2019-12-06,ZUARIGLOB,EQ,48.8,48.65,49.15,47.8,48.2,48.15,48.24,12464,60122890000.0,242.0,9204.0,0.7384000000000001
229,229,229,229,229,229,229,229,229,229,229,229,229,229,229,229,5828,2019-12-09,ZUARIGLOB,EQ,48.15,48.0,48.4,47.2,47.2,47.6,47.79,10032,47945340000.0,283.0,5653.0,0.5635
230,230,230,230,230,230,230,230,230,230,230,230,230,230,230,230,5829,2019-12-10,ZUARIGLOB,EQ,47.6,48.2,48.2,45.8,45.8,46.0,46.83,7441,34842915000.0,351.0,5378.0,0.7228
231,231,231,231,231,231,231,231,231,231,231,231,231,231,231,231,5830,2019-12-11,ZUARIGLOB,EQ,46.0,45.2,46.9,45.0,45.2,45.5,45.83,26956,123540039999.99995,589.0,20448.0,0.7586
232,232,232,232,232,232,232,232,232,232,232,232,232,232,232,232,5831,2019-12-12,ZUARIGLOB,EQ,45.5,46.5,46.5,43.6,46.0,44.9,45.04,17788,80109615000.0,442.0,11139.0,0.6262
233,233,233,233,233,233,233,233,233,233,233,233,233,233,233,233,5832,2019-12-13,ZUARIGLOB,EQ,44.9,44.95,46.0,44.2,44.55,44.65,45.09,10066,45389200000.0,231.0,7827.0,0.7776000000000001
234,234,234,234,234,234,234,234,234,234,234,234,234,234,234,234,5833,2019-12-16,ZUARIGLOB,EQ,44.65,46.4,46.85,42.6,43.85,43.55,44.33,25813,114427460000.00005,321.0,17578.0,0.6809999999999999
235,235,235,235,235,235,235,235,235,235,235,235,235,235,235,235,5834,2019-12-17,ZUARIGLOB,EQ,43.55,43.85,44.65,41.9,44.5,43.8,43.2,40824,176347195000.0,642.0,24783.0,0.6071
236,236,236,236,236,236,236,236,236,236,236,236,236,236,236,236,5835,2019-12-18,ZUARIGLOB,EQ,43.8,44.9,45.15,43.05,44.0,44.25,44.26,33626,148828445000.0,424.0,18295.0,0.5441
237,237,237,237,237,237,237,237,237,237,237,237,237,237,237,237,5836,2019-12-19,ZUARIGLOB,EQ,44.25,43.75,44.7,43.05,43.85,43.85,43.7,13418,58642980000.000015,294.0,6722.0,0.501
238,238,238,238,238,238,238,238,238,238,238,238,238,238,238,238,5837,2019-12-20,ZUARIGLOB,EQ,43.85,43.65,44.4,42.5,43.15,42.9,43.34,17673,76603035000.0,179.0,13077.0,0.7399
239,239,239,239,239,239,239,239,239,239,239,239,239,239,239,239,5838,2019-12-23,ZUARIGLOB,EQ,42.9,42.3,43.4,40.6,40.8,41.0,41.55,61896,257190600000.0,2183.0,51215.0,0.8273999999999999
240,240,240,240,240,240,240,240,240,240,240,240,240,240,240,240,5839,2019-12-24,ZUARIGLOB,EQ,41.0,41.7,42.1,41.05,41.25,41.5,41.57,9222,38336905000.0,196.0,6893.0,0.7475
241,241,241,241,241,241,241,241,241,241,241,241,241,241,241,241,5840,2019-12-26,ZUARIGLOB,EQ,41.5,41.5,48.5,40.5,46.7,46.85,46.7,303721,1418424395000.0,3158.0,66894.0,0.2202
242,242,242,242,242,242,242,242,242,242,242,242,242,242,242,242,5841,2019-12-27,ZUARIGLOB,EQ,46.85,47.75,55.4,45.0,51.9,52.65,50.9,228952,1165302845000.0,3170.0,97076.0,0.424
243,243,243,243,243,243,243,243,243,243,243,243,243,243,243,243,5842,2019-12-30,ZUARIGLOB,EQ,52.65,53.0,54.7,50.5,51.35,51.35,52.37,61252,320799110000.0,824.0,24189.0,0.3949
244,244,244,244,244,244,244,244,244,244,244,244,244,244,244,244,5843,2019-12-31,ZUARIGLOB,EQ,51.35,51.25,52.25,49.25,49.6,50.05,50.46,13327,67249960000.0,420.0,5812.0,0.4361
